BoneCount: 70
RootBone: 0
BoneName: RootNode
BoneIndex: 0
BoneParentIndex: -1
BoneChildCount: 3
1
68
69
1.000000 0.000000 -0.000000 0.000000
0.000000 1.000000 -0.000000 0.000000
-0.000000 -0.000000 1.000000 -0.000000
0.000000 0.000000 -0.000000 1.000000
1.000000 0.000000 0.000000 0.000000
0.000000 1.000000 0.000000 0.000000
0.000000 0.000000 1.000000 0.000000
0.000000 0.000000 0.000000 1.000000
BoneName: mixamorig:Hips
BoneIndex: 1
BoneParentIndex: 0
BoneChildCount: 3
2
58
63
1.000000 0.000000 -0.000000 0.000000
0.000000 1.000000 -0.000000 0.000000
-0.000000 -0.000000 1.000000 -0.000000
0.000343 0.955795 -0.004659 1.000000
1.000000 -0.000002 0.000000 0.000000
0.000002 1.000000 0.000000 0.000000
-0.000000 0.000000 1.000000 -0.000000
-0.000344 -0.955795 0.004659 1.000000
BoneName: mixamorig:Spine
BoneIndex: 2
BoneParentIndex: 1
BoneChildCount: 1
3
0.999999 -0.001522 -0.000196 0.000000
0.001534 0.994464 0.105064 0.000000
0.000035 -0.105064 0.994465 -0.000000
0.000173 0.105748 0.011172 1.000000
0.999999 0.001532 0.000035 0.000000
-0.001520 0.994464 -0.105064 0.000000
-0.000196 0.105064 0.994465 -0.000000
0.001099 -1.056352 0.105054 1.000000
BoneName: mixamorig:Spine1
BoneIndex: 3
BoneParentIndex: 2
BoneChildCount: 1
4
1.000000 0.000000 -0.000000 0.000000
0.000000 1.000000 -0.000000 0.000000
-0.000000 -0.000000 1.000000 -0.000000
0.000000 0.124060 -0.000000 1.000000
0.999999 0.001532 0.000035 0.000000
-0.001520 0.994464 -0.105065 0.000000
-0.000196 0.105065 0.994465 -0.000000
0.001099 -1.180411 0.105055 1.000000
BoneName: mixamorig:Spine2
BoneIndex: 4
BoneParentIndex: 3
BoneChildCount: 3
5
10
34
0.999999 0.001532 0.000035 0.000000
-0.001520 0.994464 -0.105065 0.000000
-0.000196 0.105065 0.994465 -0.000000
-0.000000 0.141783 -0.000000 1.000000
1.000000 0.000000 -0.000000 0.000000
0.000000 1.000000 -0.000000 0.000000
-0.000000 -0.000000 1.000000 -0.000000
-0.000923 -1.325914 -0.034444 1.000000
BoneName: mixamorig:Neck
BoneIndex: 5
BoneParentIndex: 4
BoneChildCount: 1
6
1.000000 0.000000 -0.000000 0.000000
0.000000 1.000000 -0.000000 0.000000
-0.000000 -0.000000 1.000000 -0.000000
0.000244 0.158623 0.016758 1.000000
1.000000 0.000000 -0.000000 0.000000
0.000000 1.000000 -0.000000 0.000000
-0.000000 -0.000000 1.000000 -0.000000
-0.001168 -1.484536 -0.051202 1.000000
BoneName: mixamorig:Head
BoneIndex: 6
BoneParentIndex: 5
BoneChildCount: 3
7
8
9
1.000000 0.000000 -0.000000 0.000000
0.000000 1.000000 -0.000000 0.000000
-0.000000 -0.000000 1.000000 -0.000000
-0.000000 0.055640 -0.009881 1.000000
1.000000 0.000000 -0.000000 0.000000
0.000000 1.000000 -0.000000 0.000000
-0.000000 -0.000000 1.000000 -0.000000
-0.001168 -1.540177 -0.041321 1.000000
BoneName: mixamorig:HeadTop_End
BoneIndex: 7
BoneParentIndex: 6
BoneChildCount: 0
1.000000 0.000000 -0.000000 0.000000
0.000000 1.000000 -0.000000 0.000000
-0.000000 -0.000000 1.000000 -0.000000
-0.000000 0.183119 -0.030869 1.000000
1.000000 0.000000 -0.000000 0.000000
0.000000 1.000000 -0.000000 0.000000
-0.000000 -0.000000 1.000000 -0.000000
-0.001168 -1.723296 -0.010452 1.000000
BoneName: mixamorig:LeftEye
BoneIndex: 8
BoneParentIndex: 6
BoneChildCount: 0
-0.000000 0.000000 1.000000 0.000000
1.000000 -0.000000 0.000000 0.000000
0.000000 1.000000 0.000000 -0.000000
0.022844 0.079357 -0.070637 1.000000
0.000000 1.000000 -0.000000 0.000000
-0.000000 0.000000 1.000000 0.000000
1.000000 -0.000000 0.000000 -0.000000
0.029316 -0.024012 -1.619534 1.000000
BoneName: mixamorig:RightEye
BoneIndex: 9
BoneParentIndex: 6
BoneChildCount: 0
-0.000000 0.000000 -1.000000 0.000000
-1.000000 -0.000000 0.000000 0.000000
-0.000000 1.000000 0.000000 -0.000000
-0.023775 0.079357 -0.070637 1.000000
0.000000 -1.000000 0.000000 0.000000
0.000000 0.000000 1.000000 0.000000
-1.000000 -0.000000 0.000000 -0.000000
-0.029316 -0.022607 -1.619534 1.000000
BoneName: mixamorig:LeftShoulder
BoneIndex: 10
BoneParentIndex: 4
BoneChildCount: 1
11
0.002120 0.000000 0.999998 0.000000
0.991399 -0.130859 -0.002101 0.000000
0.130859 0.991401 -0.000277 -0.000000
0.059350 0.136702 0.016626 1.000000
0.002120 0.991399 0.130859 0.000000
0.000000 -0.130859 0.991401 0.000000
0.999998 -0.002101 -0.000277 -0.000000
-0.051197 0.131749 -1.457912 1.000000
BoneName: mixamorig:LeftArm
BoneIndex: 11
BoneParentIndex: 10
BoneChildCount: 1
12
0.999998 -0.002101 -0.000277 0.000000
0.002119 0.991399 0.130859 0.000000
-0.000000 -0.130859 0.991401 -0.000000
0.000000 0.126079 0.000000 1.000000
0.000001 1.000000 -0.000000 0.000000
-0.000000 0.000000 1.000000 0.000000
1.000000 -0.000001 0.000000 -0.000000
-0.050805 -0.185267 -1.446118 1.000000
BoneName: mixamorig:LeftForeArm
BoneIndex: 12
BoneParentIndex: 11
BoneChildCount: 1
13
0.999848 0.017452 -0.000000 0.000000
-0.017452 0.999848 -0.000000 0.000000
-0.000000 -0.000000 1.000000 -0.000000
0.000000 0.255743 -0.000000 1.000000
0.000000 1.000000 0.000002 0.000000
0.000000 -0.000002 1.000000 0.000000
1.000000 -0.000000 -0.000000 -0.000000
-0.050805 -0.441008 -1.446118 1.000000
BoneName: mixamorig:LeftHand
BoneIndex: 13
BoneParentIndex: 12
BoneChildCount: 5
14
18
22
26
30
1.000000 0.000000 -0.000000 0.000000
0.000000 1.000000 -0.000000 0.000000
-0.000000 -0.000000 1.000000 -0.000000
0.000000 0.216034 -0.000000 1.000000
0.000000 1.000000 0.000002 0.000000
0.000000 -0.000002 1.000000 0.000000
1.000000 -0.000000 -0.000000 -0.000000
-0.050805 -0.657042 -1.446118 1.000000
BoneName: mixamorig:LeftHandThumb1
BoneIndex: 14
BoneParentIndex: 13
BoneChildCount: 1
15
0.859919 0.509900 0.023280 0.000000
-0.447202 0.774602 -0.447216 0.000000
-0.246068 0.374159 0.894123 -0.000000
-0.023704 0.035456 -0.019082 1.000000
0.509900 0.774601 0.374159 0.000000
0.023280 -0.447217 0.894122 0.000000
0.859919 -0.447203 -0.246069 -0.000000
-0.409632 0.113902 -1.528381 1.000000
BoneName: mixamorig:LeftHandThumb2
BoneIndex: 15
BoneParentIndex: 14
BoneChildCount: 1
16
1.000000 -0.000001 -0.000000 0.000000
0.000001 1.000000 0.000018 0.000000
-0.000000 -0.000018 1.000000 -0.000000
0.000000 0.028084 -0.000000 1.000000
0.509899 0.774608 0.374146 0.000000
0.023280 -0.447202 0.894130 0.000000
0.859919 -0.447206 -0.246061 -0.000000
-0.409631 0.085792 -1.528382 1.000000
BoneName: mixamorig:LeftHandThumb3
BoneIndex: 16
BoneParentIndex: 15
BoneChildCount: 1
17
1.000000 0.000026 0.000000 0.000000
-0.000026 1.000000 -0.000021 0.000000
-0.000000 0.000021 1.000000 -0.000000
0.000000 0.023790 -0.000000 1.000000
0.509920 0.774586 0.374163 0.000000
0.023268 -0.447222 0.894121 0.000000
0.859907 -0.447224 -0.246070 -0.000000
-0.409629 0.062046 -1.528381 1.000000
BoneName: mixamorig:LeftHandThumb4
BoneIndex: 17
BoneParentIndex: 16
BoneChildCount: 0
1.000000 0.000000 -0.000000 0.000000
0.000000 1.000000 -0.000000 0.000000
-0.000000 -0.000000 1.000000 -0.000000
0.000000 0.024450 -0.000000 1.000000
0.509920 0.774586 0.374163 0.000000
0.023268 -0.447222 0.894121 0.000000
0.859907 -0.447224 -0.246070 -0.000000
-0.409629 0.037597 -1.528381 1.000000
BoneName: mixamorig:LeftHandIndex1
BoneIndex: 18
BoneParentIndex: 13
BoneChildCount: 1
19
1.000000 0.000006 -0.000000 0.000000
-0.000006 1.000000 0.000012 0.000000
0.000000 -0.000012 1.000000 -0.000000
-0.023419 0.099097 0.002914 1.000000
0.000006 1.000000 -0.000020 0.000000
0.000000 0.000020 1.000000 0.000000
1.000000 -0.000006 0.000000 -0.000000
-0.027390 -0.756170 -1.449016 1.000000
BoneName: mixamorig:LeftHandIndex2
BoneIndex: 19
BoneParentIndex: 18
BoneChildCount: 1
20
1.000000 0.000018 -0.000000 0.000000
-0.000018 1.000000 -0.000017 0.000000
-0.000000 0.000017 1.000000 -0.000000
0.000000 0.037767 -0.000000 1.000000
0.000025 1.000000 0.000007 0.000000
0.000000 -0.000007 1.000000 0.000000
1.000000 -0.000025 -0.000000 -0.000000
-0.027405 -0.793899 -1.449036 1.000000
BoneName: mixamorig:LeftHandIndex3
BoneIndex: 20
BoneParentIndex: 19
BoneChildCount: 1
21
1.000000 -0.000020 -0.000000 0.000000
0.000020 1.000000 0.000018 0.000000
-0.000000 -0.000018 1.000000 -0.000000
0.000000 0.025430 -0.000000 1.000000
0.000005 1.000000 -0.000011 0.000000
0.000000 0.000011 1.000000 0.000000
1.000000 -0.000005 -0.000000 -0.000000
-0.027389 -0.819356 -1.449022 1.000000
BoneName: mixamorig:LeftHandIndex4
BoneIndex: 21
BoneParentIndex: 20
BoneChildCount: 0
1.000000 0.000000 -0.000000 0.000000
0.000000 1.000000 -0.000000 0.000000
-0.000000 -0.000000 1.000000 -0.000000
0.000000 0.025291 0.000000 1.000000
0.000005 1.000000 -0.000011 0.000000
0.000000 0.000011 1.000000 0.000000
1.000000 -0.000005 -0.000000 -0.000000
-0.027389 -0.844646 -1.449022 1.000000
BoneName: mixamorig:LeftHandMiddle1
BoneIndex: 22
BoneParentIndex: 13
BoneChildCount: 1
23
1.000000 0.000003 -0.000000 0.000000
-0.000003 1.000000 0.000008 0.000000
0.000000 -0.000008 1.000000 -0.000000
0.000000 0.097008 -0.000000 1.000000
0.000003 1.000000 -0.000013 0.000000
0.000000 0.000013 1.000000 0.000000
1.000000 -0.000003 0.000000 -0.000000
-0.050807 -0.754071 -1.446107 1.000000
BoneName: mixamorig:LeftHandMiddle2
BoneIndex: 23
BoneParentIndex: 22
BoneChildCount: 1
24
1.000000 0.000005 -0.000000 0.000000
-0.000005 1.000000 0.000007 0.000000
0.000000 -0.000007 1.000000 -0.000000
0.000000 0.040146 -0.000000 1.000000
0.000008 1.000000 -0.000028 0.000000
0.000000 0.000028 1.000000 0.000000
1.000000 -0.000008 0.000000 -0.000000
-0.050811 -0.794238 -1.446095 1.000000
BoneName: mixamorig:LeftHandMiddle3
BoneIndex: 24
BoneParentIndex: 23
BoneChildCount: 1
25
1.000000 0.000031 -0.000000 0.000000
-0.000031 1.000000 -0.000025 0.000000
-0.000000 0.000025 1.000000 -0.000000
0.000000 0.029967 -0.000000 1.000000
0.000039 1.000000 0.000011 0.000000
0.000000 -0.000011 1.000000 0.000000
1.000000 -0.000039 -0.000000 -0.000000
-0.050837 -0.824147 -1.446127 1.000000
BoneName: mixamorig:LeftHandMiddle4
BoneIndex: 25
BoneParentIndex: 24
BoneChildCount: 0
1.000000 0.000000 -0.000000 0.000000
0.000000 1.000000 -0.000000 0.000000
-0.000000 -0.000000 1.000000 -0.000000
0.000000 0.028250 -0.000000 1.000000
0.000039 1.000000 0.000011 0.000000
0.000000 -0.000011 1.000000 0.000000
1.000000 -0.000039 -0.000000 -0.000000
-0.050837 -0.852397 -1.446127 1.000000
BoneName: mixamorig:LeftHandRing1
BoneIndex: 26
BoneParentIndex: 13
BoneChildCount: 1
27
1.000000 0.000006 -0.000000 0.000000
-0.000006 1.000000 -0.000004 0.000000
-0.000000 0.000004 1.000000 -0.000000
0.022417 0.093084 0.001435 1.000000
0.000006 1.000000 0.000011 0.000000
-0.000000 -0.000011 1.000000 0.000000
1.000000 -0.000006 -0.000000 -0.000000
-0.073226 -0.750112 -1.447561 1.000000
BoneName: mixamorig:LeftHandRing2
BoneIndex: 27
BoneParentIndex: 26
BoneChildCount: 1
28
1.000000 0.000009 -0.000000 0.000000
-0.000009 1.000000 -0.000010 0.000000
-0.000000 0.000010 1.000000 -0.000000
0.000000 0.040194 0.000000 1.000000
0.000015 1.000000 0.000019 0.000000
-0.000000 -0.000019 1.000000 0.000000
1.000000 -0.000015 -0.000000 -0.000000
-0.073233 -0.790293 -1.447567 1.000000
BoneName: mixamorig:LeftHandRing3
BoneIndex: 28
BoneParentIndex: 27
BoneChildCount: 1
29
1.000000 -0.000013 -0.000000 0.000000
0.000013 1.000000 -0.000003 0.000000
0.000000 0.000003 1.000000 -0.000000
0.000000 0.027908 -0.000000 1.000000
0.000002 1.000000 0.000018 0.000000
0.000000 -0.000018 1.000000 0.000000
1.000000 -0.000002 -0.000000 -0.000000
-0.073223 -0.818204 -1.447567 1.000000
BoneName: mixamorig:LeftHandRing4
BoneIndex: 29
BoneParentIndex: 28
BoneChildCount: 0
1.000000 0.000000 -0.000000 0.000000
0.000000 1.000000 -0.000000 0.000000
-0.000000 -0.000000 1.000000 -0.000000
0.000000 0.025407 -0.000000 1.000000
0.000002 1.000000 0.000018 0.000000
0.000000 -0.000018 1.000000 0.000000
1.000000 -0.000002 -0.000000 -0.000000
-0.073223 -0.843611 -1.447567 1.000000
BoneName: mixamorig:LeftHandPinky1
BoneIndex: 30
BoneParentIndex: 13
BoneChildCount: 1
31
1.000000 -0.000014 -0.000000 0.000000
0.000014 1.000000 0.000001 0.000000
-0.000000 -0.000001 1.000000 -0.000000
0.047127 0.089855 0.002216 1.000000
-0.000013 1.000000 0.000001 0.000000
0.000000 -0.000001 1.000000 0.000000
1.000000 0.000013 0.000000 -0.000000
-0.097922 -0.746899 -1.448334 1.000000
BoneName: mixamorig:LeftHandPinky2
BoneIndex: 31
BoneParentIndex: 30
BoneChildCount: 1
32
1.000000 0.000015 -0.000000 0.000000
-0.000015 1.000000 -0.000017 0.000000
-0.000000 0.000017 1.000000 -0.000000
0.000000 0.035625 -0.000000 1.000000
0.000001 1.000000 0.000018 0.000000
0.000000 -0.000018 1.000000 0.000000
1.000000 -0.000001 -0.000000 -0.000000
-0.097933 -0.782499 -1.448347 1.000000
BoneName: mixamorig:LeftHandPinky3
BoneIndex: 32
BoneParentIndex: 31
BoneChildCount: 1
33
1.000000 0.000001 -0.000000 0.000000
-0.000001 1.000000 0.000014 0.000000
0.000000 -0.000014 1.000000 -0.000000
0.000000 0.023352 -0.000000 1.000000
0.000002 1.000000 0.000008 0.000000
-0.000000 -0.000008 1.000000 0.000000
1.000000 -0.000002 -0.000000 -0.000000
-0.097934 -0.805865 -1.448339 1.000000
BoneName: mixamorig:LeftHandPinky4
BoneIndex: 33
BoneParentIndex: 32
BoneChildCount: 0
1.000000 0.000000 -0.000000 0.000000
0.000000 1.000000 -0.000000 0.000000
-0.000000 -0.000000 1.000000 -0.000000
0.000000 0.020373 0.000000 1.000000
0.000002 1.000000 0.000008 0.000000
-0.000000 -0.000008 1.000000 0.000000
1.000000 -0.000002 -0.000000 -0.000000
-0.097934 -0.826238 -1.448339 1.000000
BoneName: mixamorig:RightShoulder
BoneIndex: 34
BoneParentIndex: 4
BoneChildCount: 1
35
0.002119 0.000000 -0.999998 0.000000
-0.991397 -0.130870 -0.002101 0.000000
-0.130870 0.991400 -0.000277 -0.000000
-0.059350 0.136706 0.016626 1.000000
0.002119 -0.991397 -0.130870 0.000000
-0.000000 -0.130870 0.991400 0.000000
-0.999998 -0.002101 -0.000277 -0.000000
0.051193 0.133597 -1.457673 1.000000
BoneName: mixamorig:RightArm
BoneIndex: 35
BoneParentIndex: 34
BoneChildCount: 1
36
0.999998 0.002100 0.000277 0.000000
-0.002119 0.991397 0.130870 0.000000
-0.000000 -0.130870 0.991399 -0.000000
0.000000 0.126079 0.000000 1.000000
0.000001 -1.000000 0.000000 0.000000
0.000000 0.000000 1.000000 0.000000
-1.000000 -0.000001 0.000000 -0.000000
0.050805 -0.183421 -1.446120 1.000000
BoneName: mixamorig:RightForeArm
BoneIndex: 36
BoneParentIndex: 35
BoneChildCount: 1
37
0.999848 -0.017452 -0.000000 0.000000
0.017452 0.999848 -0.000000 0.000000
-0.000000 -0.000000 1.000000 -0.000000
0.000000 0.255743 -0.000000 1.000000
0.000000 -1.000000 0.000000 0.000000
0.000000 0.000000 1.000000 0.000000
-1.000000 -0.000000 0.000000 -0.000000
0.050804 -0.439164 -1.446120 1.000000
BoneName: mixamorig:RightHand
BoneIndex: 37
BoneParentIndex: 36
BoneChildCount: 5
38
42
46
50
54
1.000000 0.000000 -0.000000 0.000000
0.000000 1.000000 -0.000000 0.000000
-0.000000 -0.000000 1.000000 -0.000000
-0.000000 0.216034 -0.000000 1.000000
0.000000 -1.000000 0.000000 0.000000
0.000000 0.000000 1.000000 0.000000
-1.000000 -0.000000 0.000000 -0.000000
0.050804 -0.655198 -1.446120 1.000000
BoneName: mixamorig:RightHandThumb1
BoneIndex: 38
BoneParentIndex: 37
BoneChildCount: 1
39
0.861393 -0.507624 -0.017884 0.000000
0.447269 0.774722 -0.446941 0.000000
0.240734 0.376993 0.894385 -0.000000
0.023704 0.035456 -0.019090 1.000000
0.507624 -0.774722 -0.376993 0.000000
-0.017885 -0.446941 0.894385 0.000000
-0.861393 -0.447269 -0.240734 -0.000000
0.399459 0.114855 -1.530161 1.000000
BoneName: mixamorig:RightHandThumb2
BoneIndex: 39
BoneParentIndex: 38
BoneChildCount: 1
40
1.000000 -0.000023 -0.000000 0.000000
0.000023 1.000000 -0.000347 0.000000
0.000000 0.000347 1.000000 -0.000000
-0.000000 0.028080 -0.000000 1.000000
0.507642 -0.774579 -0.377262 0.000000
-0.017874 -0.447252 0.894229 0.000000
-0.861382 -0.447205 -0.240889 -0.000000
0.399457 0.087316 -1.530131 1.000000
BoneName: mixamorig:RightHandThumb3
BoneIndex: 40
BoneParentIndex: 39
BoneChildCount: 1
41
1.000000 -0.000002 -0.000000 0.000000
0.000002 1.000000 -0.000160 0.000000
0.000000 0.000160 1.000000 -0.000000
-0.000000 0.023790 -0.000000 1.000000
0.507644 -0.774518 -0.377386 0.000000
-0.017874 -0.447395 0.894158 0.000000
-0.861382 -0.447168 -0.240961 -0.000000
0.399457 0.063771 -1.530121 1.000000
BoneName: mixamorig:RightHandThumb4
BoneIndex: 41
BoneParentIndex: 40
BoneChildCount: 0
1.000000 0.000000 -0.000000 0.000000
0.000000 1.000000 -0.000000 0.000000
-0.000000 -0.000000 1.000000 -0.000000
-0.000000 0.024453 -0.000000 1.000000
0.507644 -0.774518 -0.377386 0.000000
-0.017874 -0.447395 0.894158 0.000000
-0.861382 -0.447168 -0.240961 -0.000000
0.399457 0.039319 -1.530121 1.000000
BoneName: mixamorig:RightHandIndex1
BoneIndex: 42
BoneParentIndex: 37
BoneChildCount: 1
43
1.000000 -0.000008 -0.000000 0.000000
0.000008 1.000000 -0.000000 0.000000
-0.000000 -0.000000 1.000000 -0.000000
0.023419 0.099097 0.002910 1.000000
0.000008 -1.000000 0.000000 0.000000
0.000000 0.000000 1.000000 0.000000
-1.000000 -0.000008 0.000000 -0.000000
0.027391 -0.754295 -1.449030 1.000000
BoneName: mixamorig:RightHandIndex2
BoneIndex: 43
BoneParentIndex: 42
BoneChildCount: 1
44
1.000000 -0.000016 -0.000000 0.000000
0.000016 1.000000 -0.000000 0.000000
-0.000000 -0.000000 1.000000 -0.000000
0.000000 0.037768 -0.000000 1.000000
0.000024 -1.000000 0.000000 0.000000
0.000000 0.000000 1.000000 0.000000
-1.000000 -0.000024 0.000000 -0.000000
0.027404 -0.792062 -1.449030 1.000000
BoneName: mixamorig:RightHandIndex3
BoneIndex: 44
BoneParentIndex: 43
BoneChildCount: 1
45
1.000000 0.000016 -0.000000 0.000000
-0.000016 1.000000 -0.000000 0.000000
-0.000000 -0.000000 1.000000 -0.000000
-0.000000 0.025430 0.000000 1.000000
0.000008 -1.000000 0.000000 0.000000
-0.000000 0.000000 1.000000 0.000000
-1.000000 -0.000008 0.000000 -0.000000
0.027391 -0.817493 -1.449030 1.000000
BoneName: mixamorig:RightHandIndex4
BoneIndex: 45
BoneParentIndex: 44
BoneChildCount: 0
1.000000 0.000000 -0.000000 0.000000
0.000000 1.000000 -0.000000 0.000000
-0.000000 -0.000000 1.000000 -0.000000
0.000000 0.025290 0.000000 1.000000
0.000008 -1.000000 0.000000 0.000000
-0.000000 0.000000 1.000000 0.000000
-1.000000 -0.000008 0.000000 -0.000000
0.027391 -0.842783 -1.449030 1.000000
BoneName: mixamorig:RightHandMiddle1
BoneIndex: 46
BoneParentIndex: 37
BoneChildCount: 1
47
1.000000 0.000000 -0.000000 0.000000
0.000000 1.000000 -0.000000 0.000000
-0.000000 -0.000000 1.000000 -0.000000
-0.000000 0.097007 -0.000000 1.000000
0.000005 -1.000000 0.000000 0.000000
-0.000000 0.000000 1.000000 0.000000
-1.000000 -0.000005 0.000000 -0.000000
0.050808 -0.752205 -1.446120 1.000000
BoneName: mixamorig:RightHandMiddle2
BoneIndex: 47
BoneParentIndex: 46
BoneChildCount: 1
48
1.000000 0.000000 -0.000000 0.000000
0.000000 1.000000 -0.000000 0.000000
-0.000000 -0.000000 1.000000 -0.000000
0.000000 0.040147 0.000000 1.000000
0.000007 -1.000000 0.000000 0.000000
0.000000 0.000000 1.000000 0.000000
-1.000000 -0.000007 0.000000 -0.000000
0.050810 -0.792352 -1.446120 1.000000
BoneName: mixamorig:RightHandMiddle3
BoneIndex: 48
BoneParentIndex: 47
BoneChildCount: 1
49
1.000000 -0.000032 -0.000000 0.000000
0.000032 1.000000 -0.000000 0.000000
-0.000000 -0.000000 1.000000 -0.000000
0.000000 0.029967 -0.000000 1.000000
0.000039 -1.000000 0.000000 0.000000
0.000000 0.000000 1.000000 0.000000
-1.000000 -0.000039 0.000000 -0.000000
0.050836 -0.822317 -1.446120 1.000000
BoneName: mixamorig:RightHandMiddle4
BoneIndex: 49
BoneParentIndex: 48
BoneChildCount: 0
1.000000 0.000000 -0.000000 0.000000
0.000000 1.000000 -0.000000 0.000000
-0.000000 -0.000000 1.000000 -0.000000
0.000000 0.028250 0.000000 1.000000
0.000039 -1.000000 0.000000 0.000000
0.000000 0.000000 1.000000 0.000000
-1.000000 -0.000039 0.000000 -0.000000
0.050836 -0.850567 -1.446120 1.000000
BoneName: mixamorig:RightHandRing1
BoneIndex: 50
BoneParentIndex: 37
BoneChildCount: 1
51
1.000000 -0.000007 -0.000000 0.000000
0.000007 1.000000 -0.000000 0.000000
-0.000000 -0.000000 1.000000 -0.000000
-0.022417 0.093084 0.001430 1.000000
0.000007 -1.000000 0.000000 0.000000
-0.000000 0.000000 1.000000 0.000000
-1.000000 -0.000007 0.000000 -0.000000
0.073227 -0.748281 -1.447550 1.000000
BoneName: mixamorig:RightHandRing2
BoneIndex: 51
BoneParentIndex: 50
BoneChildCount: 1
52
1.000000 -0.000007 -0.000000 0.000000
0.000007 1.000000 -0.000000 0.000000
-0.000000 -0.000000 1.000000 -0.000000
0.000000 0.040194 -0.000000 1.000000
0.000014 -1.000000 0.000000 0.000000
-0.000000 0.000000 1.000000 0.000000
-1.000000 -0.000014 0.000000 -0.000000
0.073232 -0.788475 -1.447550 1.000000
BoneName: mixamorig:RightHandRing3
BoneIndex: 52
BoneParentIndex: 51
BoneChildCount: 1
53
1.000000 0.000014 -0.000000 0.000000
-0.000014 1.000000 -0.000000 0.000000
-0.000000 -0.000000 1.000000 -0.000000
-0.000000 0.027908 0.000000 1.000000
0.000000 -1.000000 0.000000 0.000000
0.000000 0.000000 1.000000 0.000000
-1.000000 -0.000000 0.000000 -0.000000
0.073221 -0.816384 -1.447550 1.000000
BoneName: mixamorig:RightHandRing4
BoneIndex: 53
BoneParentIndex: 52
BoneChildCount: 0
1.000000 0.000000 -0.000000 0.000000
0.000000 1.000000 -0.000000 0.000000
-0.000000 -0.000000 1.000000 -0.000000
0.000000 0.025407 0.000000 1.000000
0.000000 -1.000000 0.000000 0.000000
0.000000 0.000000 1.000000 0.000000
-1.000000 -0.000000 0.000000 -0.000000
0.073221 -0.841791 -1.447550 1.000000
BoneName: mixamorig:RightHandPinky1
BoneIndex: 54
BoneParentIndex: 37
BoneChildCount: 1
55
1.000000 0.000011 -0.000000 0.000000
-0.000011 1.000000 -0.000000 0.000000
-0.000000 -0.000000 1.000000 -0.000000
-0.047127 0.089855 0.002210 1.000000
-0.000011 -1.000000 -0.000000 0.000000
-0.000000 -0.000000 1.000000 0.000000
-1.000000 0.000011 0.000000 -0.000000
0.097923 -0.745054 -1.448330 1.000000
BoneName: mixamorig:RightHandPinky2
BoneIndex: 55
BoneParentIndex: 54
BoneChildCount: 1
56
1.000000 -0.000011 -0.000000 0.000000
0.000011 1.000000 -0.000000 0.000000
-0.000000 -0.000000 1.000000 -0.000000
0.000000 0.035625 0.000000 1.000000
0.000000 -1.000000 0.000000 0.000000
0.000000 0.000000 1.000000 0.000000
-1.000000 -0.000000 0.000000 -0.000000
0.097932 -0.780678 -1.448330 1.000000
BoneName: mixamorig:RightHandPinky3
BoneIndex: 56
BoneParentIndex: 55
BoneChildCount: 1
57
1.000000 0.000000 -0.000000 0.000000
0.000000 1.000000 -0.000000 0.000000
-0.000000 -0.000000 1.000000 -0.000000
-0.000000 0.023352 0.000000 1.000000
0.000000 -1.000000 0.000000 0.000000
0.000000 0.000000 1.000000 0.000000
-1.000000 -0.000000 0.000000 -0.000000
0.097932 -0.804030 -1.448330 1.000000
BoneName: mixamorig:RightHandPinky4
BoneIndex: 57
BoneParentIndex: 56
BoneChildCount: 0
1.000000 0.000000 -0.000000 0.000000
0.000000 1.000000 -0.000000 0.000000
-0.000000 -0.000000 1.000000 -0.000000
0.000000 0.020373 0.000000 1.000000
0.000000 -1.000000 0.000000 0.000000
0.000000 0.000000 1.000000 0.000000
-1.000000 -0.000000 0.000000 -0.000000
0.097932 -0.824403 -1.448330 1.000000
BoneName: mixamorig:LeftUpLeg
BoneIndex: 58
BoneParentIndex: 1
BoneChildCount: 1
59
-1.000000 0.000002 -0.000000 0.000000
-0.000002 -0.999894 -0.014526 0.000000
-0.000000 -0.014526 0.999894 -0.000000
0.097891 -0.058759 0.005837 1.000000
-1.000000 0.000000 0.000000 0.000000
-0.000000 -0.999894 -0.014526 0.000000
0.000000 -0.014526 0.999894 -0.000000
0.098234 0.896959 0.011853 1.000000
BoneName: mixamorig:LeftLeg
BoneIndex: 59
BoneParentIndex: 58
BoneChildCount: 1
60
1.000000 0.000000 -0.000000 0.000000
-0.000000 0.995277 0.097076 0.000000
0.000000 -0.097076 0.995277 -0.000000
0.000000 0.417020 -0.000000 1.000000
-1.000000 0.000000 0.000000 0.000000
-0.000000 -0.996583 0.082599 0.000000
0.000000 0.082599 0.996583 -0.000000
0.098234 0.478823 -0.034789 1.000000
BoneName: mixamorig:LeftFoot
BoneIndex: 60
BoneParentIndex: 59
BoneChildCount: 1
61
0.997495 -0.030184 0.063969 0.000000
0.069207 0.603331 -0.794483 0.000000
-0.014613 0.796920 0.603909 -0.000000
0.000000 0.369810 -0.000000 1.000000
-0.997495 -0.069207 0.014613 0.000000
0.035365 -0.666893 -0.744314 0.000000
0.061257 -0.741933 0.667670 -0.000000
0.092472 0.100208 0.064430 1.000000
BoneName: mixamorig:LeftToeBase
BoneIndex: 61
BoneParentIndex: 60
BoneChildCount: 1
62
0.999372 0.022106 0.027679 0.000000
0.001922 0.746403 -0.665492 0.000000
-0.035371 0.665127 0.745892 -0.000000
0.000000 0.167000 0.000000 1.000000
-0.997995 -0.063298 0.000152 0.000000
-0.000002 -0.002368 -0.999997 0.000000
0.063298 -0.997992 0.002363 -0.000000
0.092721 -0.092553 0.000362 1.000000
BoneName: mixamorig:LeftToe_End
BoneIndex: 62
BoneParentIndex: 61
BoneChildCount: 0
1.000000 0.000000 -0.000000 0.000000
0.000000 1.000000 -0.000000 0.000000
-0.000000 -0.000000 1.000000 -0.000000
0.000000 0.071200 -0.000000 1.000000
-0.997995 -0.063298 0.000152 0.000000
-0.000002 -0.002368 -0.999997 0.000000
0.063298 -0.997992 0.002363 -0.000000
0.092721 -0.163753 0.000362 1.000000
BoneName: mixamorig:RightUpLeg
BoneIndex: 63
BoneParentIndex: 1
BoneChildCount: 1
64
-1.000000 0.000002 -0.000000 0.000000
-0.000002 -0.999894 -0.014526 0.000000
-0.000000 -0.014526 0.999894 -0.000000
-0.098577 -0.058759 0.005837 1.000000
-1.000000 -0.000000 0.000000 0.000000
-0.000000 -0.999894 -0.014526 0.000000
0.000000 -0.014526 0.999894 -0.000000
-0.098234 0.896958 0.011853 1.000000
BoneName: mixamorig:RightLeg
BoneIndex: 64
BoneParentIndex: 63
BoneChildCount: 1
65
1.000000 -0.000001 -0.000000 0.000000
0.000001 0.995277 0.097076 0.000000
-0.000000 -0.097076 0.995277 -0.000000
-0.000000 0.417020 0.000000 1.000000
-1.000000 0.000000 0.000000 0.000000
-0.000000 -0.996583 0.082599 0.000000
0.000000 0.082599 0.996583 -0.000000
-0.098234 0.478823 -0.034789 1.000000
BoneName: mixamorig:RightFoot
BoneIndex: 65
BoneParentIndex: 64
BoneChildCount: 1
66
0.997495 0.030187 -0.063968 0.000000
-0.069207 0.603332 -0.794481 0.000000
0.014611 0.796918 0.603910 -0.000000
0.000000 0.369810 0.000000 1.000000
-0.997495 0.069207 -0.014611 0.000000
-0.035367 -0.666894 -0.744313 0.000000
-0.061255 -0.741932 0.667671 -0.000000
-0.092472 0.100209 0.064430 1.000000
BoneName: mixamorig:RightToeBase
BoneIndex: 66
BoneParentIndex: 65
BoneChildCount: 1
67
0.999372 -0.022105 -0.027679 0.000000
-0.001922 0.746405 -0.665490 0.000000
0.035371 0.665125 0.745894 -0.000000
-0.000000 0.167000 0.000000 1.000000
-0.997995 0.063297 -0.000149 0.000000
-0.000002 -0.002372 -0.999997 0.000000
-0.063297 -0.997992 0.002368 -0.000000
-0.092721 -0.092553 0.000362 1.000000
BoneName: mixamorig:RightToe_End
BoneIndex: 67
BoneParentIndex: 66
BoneChildCount: 0
1.000000 0.000000 -0.000000 0.000000
0.000000 1.000000 -0.000000 0.000000
-0.000000 -0.000000 1.000000 -0.000000
0.000000 0.071200 0.000000 1.000000
-0.997995 0.063297 -0.000149 0.000000
-0.000002 -0.002372 -0.999997 0.000000
-0.063297 -0.997992 0.002368 -0.000000
-0.092721 -0.163753 0.000362 1.000000
BoneName: Paladin_J_Nordstrom_Helmet
BoneIndex: 68
BoneParentIndex: 0
BoneChildCount: 0
1.000000 0.000000 -0.000000 0.000000
0.000000 1.000000 -0.000000 0.000000
-0.000000 -0.000000 1.000000 -0.000000
0.000000 0.000000 -0.000000 1.000000
1.000000 0.000000 0.000000 0.000000
0.000000 1.000000 0.000000 0.000000
0.000000 0.000000 1.000000 0.000000
0.000000 0.000000 0.000000 1.000000
BoneName: Paladin_J_Nordstrom
BoneIndex: 69
BoneParentIndex: 0
BoneChildCount: 0
1.000000 0.000000 -0.000000 0.000000
0.000000 1.000000 -0.000000 0.000000
-0.000000 -0.000000 1.000000 -0.000000
0.000000 0.000000 -0.000000 1.000000
1.000000 0.000000 0.000000 0.000000
0.000000 1.000000 0.000000 0.000000
0.000000 0.000000 1.000000 0.000000
0.000000 0.000000 0.000000 1.000000
